
========================================================================================================================
               OLS 1(2Q_Engagement)  OLS 2(Satisfaction-work)  OLS 3(Future Success)  OLS 4(Belonging)  OLS 5(Retention)
------------------------------------------------------------------------------------------------------------------------
(Intercept)     65.83 ***             66.84 ***                 64.71 ***              65.72 ***         65.12 ***      
                (0.19)                (0.20)                    (0.17)                 (0.20)            (0.23)         
avg_score_Q7     0.46                  1.76 **                  -0.64                   1.40 *            0.15          
                (0.60)                (0.62)                    (0.52)                 (0.61)            (0.72)         
avg_score_Q8     0.90                 -1.11                      0.79                   0.32              1.96 **       
                (0.62)                (0.64)                    (0.54)                 (0.63)            (0.74)         
avg_score_Q9     0.39                  1.15                      0.74                   1.75 *            0.90          
                (0.84)                (0.87)                    (0.73)                 (0.85)            (1.01)         
avg_score_Q10   -1.22                 -0.34                     -0.50                  -1.95 *            0.18          
                (0.76)                (0.78)                    (0.66)                 (0.77)            (0.91)         
avg_score_Q11    0.78                  0.25                      1.68 **                2.04 **           1.87 *        
                (0.65)                (0.68)                    (0.57)                 (0.66)            (0.79)         
avg_score_Q12    0.50                 -0.66                      0.20                  -0.44              0.22          
                (0.56)                (0.58)                    (0.49)                 (0.57)            (0.68)         
avg_score_Q15   -0.01                  1.53 *                    0.44                   1.88 **           0.40          
                (0.68)                (0.70)                    (0.59)                 (0.69)            (0.82)         
avg_score_Q16    1.72 *                1.54 *                    0.69                   1.02             -0.80          
                (0.74)                (0.76)                    (0.64)                 (0.75)            (0.89)         
avg_score_Q17   -0.97                 -1.85 **                  -0.33                  -0.60             -1.10          
                (0.68)                (0.70)                    (0.59)                 (0.69)            (0.82)         
avg_score_Q18   -0.20                  0.08                     -1.01                  -1.10              2.18 *        
                (0.81)                (0.84)                    (0.71)                 (0.82)            (0.98)         
avg_score_Q19    0.84                 -0.97                     -0.57                  -0.80             -0.82          
                (0.68)                (0.70)                    (0.59)                 (0.68)            (0.81)         
avg_score_Q20    0.11                  0.41                      0.33                  -0.60              0.94          
                (0.66)                (0.69)                    (0.58)                 (0.67)            (0.80)         
avg_score_Q21    0.36                  1.39                      0.89                   1.49 *           -0.16          
                (0.73)                (0.75)                    (0.64)                 (0.74)            (0.88)         
avg_score_Q22    0.82                 -0.54                      0.64                   0.09             -0.23          
                (0.62)                (0.64)                    (0.54)                 (0.63)            (0.74)         
avg_score_Q23    1.26                  2.17 **                   1.18                   2.62 ***         -0.05          
                (0.74)                (0.76)                    (0.64)                 (0.75)            (0.89)         
avg_score_Q24   -0.54                  0.85                     -0.53                  -0.34              1.48          
                (0.65)                (0.68)                    (0.57)                 (0.66)            (0.79)         
avg_score_Q25   -1.34                 -0.17                      0.89                  -0.25             -0.61          
                (0.72)                (0.75)                    (0.63)                 (0.73)            (0.87)         
avg_score_Q26    1.22                  0.30                     -0.34                  -0.41             -0.17          
                (0.72)                (0.74)                    (0.62)                 (0.73)            (0.86)         
avg_score_Q27    1.21                  0.19                     -0.44                  -1.02             -0.54          
                (0.68)                (0.70)                    (0.59)                 (0.69)            (0.81)         
avg_score_Q28    1.24 *                0.15                      1.11 *                 0.50              1.15          
                (0.59)                (0.61)                    (0.51)                 (0.59)            (0.71)         
avg_score_Q29    2.34 ***              2.18 **                   3.16 ***               3.09 ***          2.08 **       
                (0.65)                (0.67)                    (0.56)                 (0.65)            (0.78)         
avg_score_Q30    0.57                  1.86 **                   2.04 ***               1.99 **           1.24          
                (0.65)                (0.68)                    (0.57)                 (0.66)            (0.79)         
------------------------------------------------------------------------------------------------------------------------
R^2              0.90                  0.89                      0.92                   0.90              0.86          
Adj. R^2         0.89                  0.88                      0.92                   0.89              0.85          
Num. obs.      316                   316                       316                    316               316             
========================================================================================================================
*** p < 0.001; ** p < 0.01; * p < 0.05
